100100100100100100100100100100
011011011011011011011011011011
110110110110110110110110110110
100100100100100100100100100100
011011011011011011011011011011
110110110110110110110110110110
100100100100100100100100100100
011011011011011011011011011011
110110110110110110110110110110
100100100100100100100100100100
011011011011011011011011011011
110110110110110110110110110110
100100100100100100100100100100
011011011011011011011011011011
110110110110110110110110110110
100100100100100100100100100100
011011011011011011011011011011
110110110110110110110110110110
100100100100100100100100100100
011011011011011011011011011011
110110110110110110110110110110
100100100100100100100100100100
011011011011011011011011011011
110110110110110110110110110110
100100100100100100100100100100
011011011011011011011011011011
110110110110110110110110110110
100100100100100100100100100100
011011011011011011011011011011
110110110110110110110110110110